  time (s)              T(t) (K)              P(t) (Pa)           Kinetic En. (n.u.)     Potential En. (n.u.) Total En. (n.u.)
  0.0000e+00           99.68393520            0.00000000        5261.47657561       -45644.50292983       -40383.02635421 
  5.0000e-15           98.82433408            0.00000000        5216.10546169       -45553.66573507       -40337.56027339 
  1.0000e-14           97.41657222            0.00000000        5141.80155304       -45404.90672254       -40263.10516949 
  1.5000e-14           95.48544903            0.00000000        5039.87380105       -45200.84044316       -40160.96664211 
  2.0000e-14           93.06556263            0.00000000        4912.14834939       -44945.11503717       -40032.96668779 
  2.5000e-14           90.20176024            0.00000000        4760.99230663       -44642.46052807       -39881.46822144 
  3.0000e-14           86.94955760            0.00000000        4589.33588076       -44298.73408105       -39709.39820029 
  3.5000e-14           83.37538796            0.00000000        4400.68552521       -43920.94751483       -39520.26198962 
  4.0000e-14           79.55651151            0.00000000        4199.11915474       -43517.25912154       -39318.13996680 
  4.5000e-14           75.58039535            0.00000000        3989.25342296       -43096.90963797       -39107.65621501 
  5.0000e-14           71.54337500            0.00000000        3776.17307082       -42670.08215281       -38893.90908200 
  5.5000e-14           67.54844123            0.00000000        3565.31411563       -42247.66916956       -38682.35505394 
  6.0000e-14           63.70207351            0.00000000        3362.29671232       -41840.93813644       -38478.64142412 
  6.5000e-14           60.11016458            0.00000000        3172.71004875       -41461.09988343       -38288.38983468 
  7.0000e-14           56.87324088            0.00000000        3001.86006951       -41118.80147207       -38116.94140255 
  7.5000e-14           54.08135103            0.00000000        2854.49968465       -40823.58300032       -37969.08331567 
  8.0000e-14           51.80912907            0.00000000        2734.56819753       -40583.35239674       -37848.78419921 
  8.5000e-14           50.11159520            0.00000000        2644.96966097       -40403.93841165       -37758.96875069 
  9.0000e-14           49.02120678            0.00000000        2587.41722678       -40288.77672325       -37701.35949647 
  9.5000e-14           48.54651723            0.00000000        2562.36235763       -40238.76742600       -37676.40506836 
  1.0000e-13           48.67257374            0.00000000        2569.01582082       -40252.31785052       -37683.30202971 
  1.0500e-13           49.36294299            0.00000000        2605.45460705       -40325.55868927       -37720.10408222 
  1.1000e-13           50.56305203            0.00000000        2668.79827019       -40452.69983101       -37783.90156082 
  1.1500e-13           52.20440815            0.00000000        2755.43165575       -40626.47918300       -37871.04752726 
  1.2000e-13           54.20922624            0.00000000        2861.24914201       -40838.65418096       -37977.40503895 
  1.2500e-13           56.49503309            0.00000000        2981.89766107       -41080.49017985       -38098.59251878 
  1.3000e-13           58.97890733            0.00000000        3113.00049223       -41343.20958367       -38230.20909145 
  1.3500e-13           61.58112366            0.00000000        3250.34960727       -41618.37731314       -38368.02770586 
  1.4000e-13           64.22807627            0.00000000        3390.05997390       -41898.20956342       -38508.14958952 
  1.4500e-13           66.85444584            0.00000000        3528.68393562       -42175.80226451       -38647.11832889 
  1.5000e-13           69.40464059            0.00000000        3663.28726836       -42445.28261480       -38781.99534643 
  1.5500e-13           71.83358412            0.00000000        3791.49076962       -42701.89154130       -38910.40077167 
  1.6000e-13           74.10694637            0.00000000        3911.48244332       -42942.00731890       -39030.52487558 
  1.6500e-13           76.20092083            0.00000000        4022.00574418       -43163.12134998       -39141.11560580 
  1.7000e-13           78.10164854            0.00000000        4122.32917459       -43363.77673545       -39241.44756086 
  1.7500e-13           79.80437895            0.00000000        4212.20199246       -43543.47917586       -39331.27718340 
  1.8000e-13           81.31244413            0.00000000        4291.80007008       -43702.58828300       -39410.78821292 
  1.8500e-13           82.63610884            0.00000000        4361.66519791       -43842.19587303       -39480.53067511 
  1.9000e-13           83.79134657            0.00000000        4422.64048185       -43963.99651039       -39541.35602853 
  1.9500e-13           84.79858291            0.00000000        4475.80401746       -44070.15463942       -39594.35062196 
  2.0000e-13           85.68144269            0.00000000        4522.40275984       -44163.17211716       -39640.76935732 
  2.0500e-13           86.46553509            0.00000000        4563.78840335       -44245.75976335       -39681.97136000 
  2.1000e-13           87.17731089            0.00000000        4601.35706140       -44320.71650911       -39719.35944771 
  2.1500e-13           87.84302482            0.00000000        4636.49450105       -44390.81966651       -39754.32516546 
  2.2000e-13           88.48783405            0.00000000        4670.52855763       -44458.72959009       -39788.20103246 
  2.2500e-13           89.13505817            0.00000000        4704.69007530       -44526.91144598       -39822.22137068 
  2.3000e-13           89.80561771            0.00000000        4740.08327404       -44597.57590895       -39857.49263491 
  2.3500e-13           90.51765739            0.00000000        4777.66586027       -44672.63943199       -39894.97357172 
  2.4000e-13           91.28634754            0.00000000        4818.23854870       -44753.70342029       -39935.46487159 
  2.4500e-13           92.12384590            0.00000000        4862.44304339       -44842.05038836       -39979.60734497 
  2.5000e-13           93.03939217            0.00000000        4910.76703115       -44938.65418014       -40027.88714899 
  2.5500e-13           94.03950248            0.00000000        4963.55444312       -45044.20073272       -40080.64628960 
  2.6000e-13           95.12822919            0.00000000        5021.01916951       -45159.11572474       -40138.09655523 
  2.6500e-13           96.30745451            0.00000000        5083.26055698       -45283.59574649       -40200.33518951 
  2.7000e-13           97.57719210            0.00000000        5150.27932555       -45417.64025425       -40267.36092870 
  2.7500e-13           98.93587816            0.00000000        5221.99293579       -45561.08237148       -40339.08943569 
  2.8000e-13          100.38064127            0.00000000        5298.24982956       -45713.61739478       -40415.36756522 
  2.8500e-13          101.90754587            0.00000000        5378.84228184       -45874.82849776       -40495.98621592 
  2.9000e-13          103.51180814            0.00000000        5463.51779491       -46044.20951170       -40580.69171678 
  2.9500e-13          105.18798439            0.00000000        5551.98904184       -46221.18480722       -40669.19576538 
  3.0000e-13          106.93013218            0.00000000        5643.94237213       -46405.12630284       -40761.18393071 
  3.0500e-13          108.73194449            0.00000000        5739.04489014       -46595.36761499       -40856.32272485 
  3.1000e-13          110.58685760            0.00000000        5836.95015309       -46791.21543610       -40954.26528302 
  3.1500e-13          112.48813542            0.00000000        5937.30261896       -46991.95839764       -41054.65577868 
  3.2000e-13          114.42893448            0.00000000        6039.74107874       -47196.87388961       -41157.13281086 
  3.2500e-13          116.40235578            0.00000000        6143.90139247       -47405.23348260       -41261.33209013 
  3.3000e-13          118.40149016            0.00000000        6249.41888334       -47616.30766982       -41366.88878648 
  3.3500e-13          120.41946335            0.00000000        6355.93071603       -47829.37058904       -41473.43987301 
  3.4000e-13          122.44948526            0.00000000        6463.07850015       -48043.70521196       -41580.62671181 
  3.4500e-13          124.48490585            0.00000000        6570.51123434       -48258.60923465       -41688.09800031 
  3.5000e-13          126.51927668            0.00000000        6677.88856143       -48473.40160963       -41795.51304820 
  3.5500e-13          128.54641534     84584954.08596215        6784.88416260       -48687.42937234       -41902.54520974 
  3.6000e-13          130.55885035            0.00000000        6891.10368135       -48899.90400675       -42008.80032539 
  3.6500e-13          132.55237397            0.00000000        6996.32502770       -49110.38067420       -42114.05564650 
  3.7000e-13          134.52187348            0.00000000        7100.27834252       -49318.31963672       -42218.04129420 
  3.7500e-13          136.46266575            0.00000000        7202.71644384       -49523.22671530       -42320.51027146 
  3.8000e-13          138.37047762            0.00000000        7303.41378735       -49724.65125120       -42421.23746384 
  3.8500e-13          140.24138948    162250952.50643969        7402.16349008       -49922.18018458       -42520.01669450 
  3.9000e-13          142.06668394     90489909.18009093        7498.50543321       -50114.89417826       -42616.38874505 
  3.9500e-13          143.84867001     67247234.10022962        7592.56149110       -50303.03906787       -42710.47757677 
  4.0000e-13          145.58376506     70315978.06753926        7684.14256633       -50486.23794738       -42802.09538105 
  4.0500e-13          147.26584778    167389069.39914605        7772.92556659       -50663.84630623       -42890.92073964 
  4.1000e-13          148.88970166            0.00000000        7858.63515574       -50835.31387259       -42976.67871686 
  4.1500e-13          150.45106880            0.00000000        7941.04659541       -51000.19099059       -43059.14439518 
  4.2000e-13          151.94436037            0.00000000        8019.86489867       -51157.88676229       -43138.02186362 
  4.2500e-13          153.36359403     68692374.87635973        8094.77430746       -51307.76783696       -43212.99352951 
  4.3000e-13          154.70236091     72339582.47498572        8165.43655167       -51449.15563661       -43283.71908494 
  4.3500e-13          155.95633793    123012077.21094017        8231.62345261       -51581.59141954       -43349.96796693 
  4.4000e-13          157.12109680     60231302.43741065        8293.10127722       -51704.60530682       -43411.50402960 
  4.4500e-13          158.18837156    214194537.32508326        8349.43373584       -51817.32286487       -43467.88912903 
  4.5000e-13          159.15504332    243095590.36341324        8400.45620810       -51919.41329968       -43518.95709159 
  4.5500e-13          160.01988392    234654923.17298442        8446.10386976       -52010.74580455       -43564.64193479 
  4.6000e-13          160.78248768    130316999.80557545        8486.35530890       -52091.27606517       -43604.92075627 
  4.6500e-13          161.44128515    416698410.03725159        8521.12768653       -52160.83417866       -43639.70649213 
  4.7000e-13          162.00104861    189391590.72474232        8550.67289194       -52219.92205574       -43669.24916380 
  4.7500e-13          162.46989662    223901740.35114661        8575.41943529       -52269.39480205       -43693.97536676 
  4.8000e-13          162.85240222    131682038.91607791        8595.60868889       -52309.73738102       -43714.12869213 
  4.8500e-13          163.15702476     92528517.61979568        8611.68715110       -52341.84938226       -43730.16223117 
  4.9000e-13          163.39915182    110139263.65797646        8624.46700193       -52367.36186216       -43742.89486024 
  4.9500e-13          163.58967225    162480427.42133477        8634.52297298       -52387.43461780       -43752.91164482 
  5.0000e-13          163.73757003    196293930.08400565        8642.32925328       -52403.02378792       -43760.69453464 
  5.0500e-13          163.85341514    396916454.10727602        8648.44374198       -52415.24963767       -43766.80589569 
  5.1000e-13          163.94561509    350422768.41744155        8653.31020217       -52424.99832387       -43771.68812170 
  5.1500e-13          164.01723887    342394933.44477236        8657.09061887       -52432.58679612       -43775.49617724 
  5.2000e-13          164.06313265    153753813.75082722        8659.51296601       -52437.46226028       -43777.94929427 
  5.2500e-13          164.08586361    452235516.14987010        8660.71274176       -52439.88766442       -43779.17492266 
  5.3000e-13          164.08153799    209607341.44965208        8660.48442867       -52439.44955783       -43778.96512916 
  5.3500e-13          164.05016645    171667742.97352493        8658.82858897       -52436.14536957       -43777.31678060 
  5.4000e-13          163.99215780     53172580.42381807        8655.76680040       -52430.02081257       -43774.25401216 
  5.4500e-13          163.91043327     55978473.92136580        8651.45324978       -52421.38812507       -43769.93487529 
  5.5000e-13          163.80804182    140846457.77685943        8646.04886641       -52410.57581865       -43764.52695224 
  5.5500e-13          163.69001556    322281155.50734109        8639.81925278       -52398.12116609       -43758.30191330 
  5.6000e-13          163.55938026    134607107.65397394        8632.92411355       -52384.34811141       -43751.42399786 
  5.6500e-13          163.41435958    168593919.82385668        8625.26969186       -52369.06641112       -43743.79671926 
  5.7000e-13          163.25323371    212262062.71592596        8616.76521239       -52352.08916588       -43735.32395349 
  5.7500e-13          163.07009069    222860646.87453806        8607.09863237       -52332.78417218       -43725.68553981 
  5.8000e-13          162.85942674    274135161.20877194        8595.97945445       -52310.56594537       -43714.58649093 
  5.8500e-13          162.62389230    111868566.49965128        8583.54757193       -52285.70599787       -43702.15842594 
  5.9000e-13          162.36530578    330708377.94532609        8569.89896458       -52258.39506756       -43688.49610298 
  5.9500e-13          162.08282012    220954950.28401107        8554.98892196       -52228.54992445       -43673.56100249 
  6.0000e-13          161.78442617    294547436.05742836        8539.23921499       -52197.01687817       -43657.77766318 
  6.0500e-13          161.47423920    352728984.20577252        8522.86705373       -52164.23831190       -43641.37125817 
  6.1000e-13          161.16285713    334578335.58601010        8506.43181326       -52131.33784162       -43624.90602836 
  6.1500e-13          160.85851157    216604012.40297735        8490.36797055       -52099.18659649       -43608.81862594 
  6.2000e-13          160.56229092    477540210.64608520        8474.73297379       -52067.90049492       -43593.16752113 
  6.2500e-13          160.27781787    377117442.11371976        8459.71803371       -52037.86254833       -43578.14451463 
  6.3000e-13          160.00513257    494751240.07091784        8445.32527045       -52009.08037008       -43563.75509963 
  6.3500e-13          159.75483890    336756506.52051985        8432.11437241       -51982.66971070       -43550.55533829 
  6.4000e-13          159.52061498    274860696.52935374        8419.75166169       -51957.96211099       -43538.21044931 
  6.4500e-13          159.30138554    224051633.40313303        8408.18038315       -51934.83887056       -43526.65848741 
  6.5000e-13          159.09363133    288398599.03076810        8397.21478592       -51912.92348417       -43515.70869824 
  6.5500e-13          158.90157945    350699658.37298435        8387.07798209       -51892.65725687       -43505.57927478 
  6.6000e-13          158.71935494    398465978.52580488        8377.45988270       -51873.41924759       -43495.95936489 
  6.6500e-13          158.55067869    388006589.16447294        8368.55688201       -51855.60402037       -43487.04713836 
  6.7000e-13          158.39654387    181977768.81160137        8360.42140143       -51839.32117113       -43478.89976970 
  6.7500e-13          158.25418332    191719133.69065419        8352.90738503       -51824.28561063       -43471.37822560 
  6.8000e-13          158.12568505    330334432.03616679        8346.12504208       -51810.72511307       -43464.60007099 
  6.8500e-13          158.01030801    256416710.32208541        8340.03525848       -51798.56620939       -43458.53095091 
  6.9000e-13          157.90420518    418975238.28068614        8334.43498243       -51787.40069532       -43452.96571289 
  6.9500e-13          157.80565272    335896460.64625758        8329.23322721       -51777.04118979       -43447.80796258 
  7.0000e-13          157.70407310    170632377.08917129        8323.87169331       -51766.36189090       -43442.49019759 
  7.0500e-13          157.59269953    115479066.37864816        8317.99321940       -51754.63711786       -43436.64389845 
  7.1000e-13          157.46318001    404911630.30663711        8311.15697318       -51740.97632706       -43429.81935388 
  7.1500e-13          157.31318900    298214972.00190151        8303.24020903       -51725.13504917       -43421.89484013 
  7.2000e-13          157.13432108    114305447.97964756        8293.79927591       -51706.22500454       -43412.42572862 
  7.2500e-13          156.94189174    192132847.61621854        8283.64254935       -51685.86555221       -43402.22300286 
  7.3000e-13          156.74385890    157830281.32946056        8273.19006120       -51664.90480766       -43391.71474646 
  7.3500e-13          156.54206663    150661450.90531236        8262.53914429       -51643.54742999       -43381.00828571 
  7.4000e-13          156.34541847    219239162.68062723        8252.15974170       -51622.73966812       -43370.57992642 
  7.4500e-13          156.15630292    210942437.02744505        8242.17792237       -51602.73765934       -43360.55973697 
  7.5000e-13          155.97929882    119888289.03073490        8232.83536455       -51584.02617604       -43351.19081150 
  7.5500e-13          155.82225707    108974002.47282121        8224.54645127       -51567.43233591       -43342.88588464 
  7.6000e-13          155.68381226    421392641.94283962        8217.23911445       -51552.81001650       -43335.57090205 
  7.6500e-13          155.56875263    198459710.32298195        8211.16608414       -51540.66049114       -43329.49440700 
  7.7000e-13          155.47958234    369652861.21383595        8206.45953466       -51531.24491917       -43324.78538450 
  7.7500e-13          155.41450827    111079761.00927067        8203.02482135       -51524.37382676       -43321.34900540 
  7.8000e-13          155.36847521    150977281.15076539        8200.59512369       -51519.51272932       -43318.91760563 
  7.8500e-13          155.34751287     60143678.52804852        8199.48869811       -51517.30162115       -43317.81292304 
  7.9000e-13          155.34645336    301976203.14011383        8199.43277511       -51517.19663679       -43317.76386167 
  7.9500e-13          155.36120808    155822245.37606353        8200.21155302       -51518.76741452       -43318.55586150 
  8.0000e-13          155.38887674            0.00000000        8201.67194851       -51521.70468807       -43320.03273955 
  8.0500e-13          155.42732421    312624517.82983565        8203.70126722       -51525.77896035       -43322.07769313 
  8.1000e-13          155.47665601    129976258.29408748        8206.30507799       -51530.99796951       -43324.69289151 
  8.1500e-13          155.53275878     81741309.60978200        8209.26627136       -51536.92564017       -43327.65936881 
  8.2000e-13          155.58456750    109403403.19034845        8212.00081826       -51542.39481229       -43330.39399403 
  8.2500e-13          155.64009182    246778744.26711920        8214.93147987       -51548.25155679       -43333.32007692 
  8.3000e-13          155.70293953    321509983.82130349        8218.24868223       -51554.87940581       -43336.63072358 
  8.3500e-13          155.75484985     74322164.48197238        8220.98859108       -51560.35280198       -43339.36421089 
  8.4000e-13          155.80903333    255174203.08913064        8223.84848147       -51566.06988578       -43342.22140431 
  8.4500e-13          155.86237812    212840463.35903457        8226.66410450       -51571.70312205       -43345.03901755 
  8.5000e-13          155.91945628    181636284.39426607        8229.67678055       -51577.73761407       -43348.06083352 
  8.5500e-13          155.97439054    164925209.74362233        8232.57629808       -51583.55304883       -43350.97675075 
  8.6000e-13          156.02096128    204159977.79315180        8235.03437554       -51588.49063434       -43353.45625880 
  8.6500e-13          156.05896070    218130374.38563120        8237.04004555       -51592.52514421       -43355.48509867 
  8.7000e-13          156.07744217    166824611.50165114        8238.01552696       -51594.49876710       -43356.48324014 
  8.7500e-13          156.08335347    258228709.90323430        8238.32753445       -51595.14107490       -43356.81354045 
  8.8000e-13          156.07067451    163698268.53258950        8237.65831878       -51593.81534698       -43356.15702821 
  8.8500e-13          156.04178764    223462769.50686470        8236.13362408       -51590.77110279       -43354.63747871 
  8.9000e-13          155.98684847    108581163.54199192        8233.23384715       -51584.96840556       -43351.73455841 
  8.9500e-13          155.90881951     81989636.58187012        8229.11535449       -51576.72060646       -43347.60525197 
  9.0000e-13          155.81287851    165819947.79448858        8224.05143631       -51566.57456213       -43342.52312581 
  9.0500e-13          155.70362076    222065613.38338935        8218.28463826       -51555.01725430       -43336.73261604 
  9.1000e-13          155.58503988    355108443.38601488        8212.02575091       -51542.47175762       -43330.44600672 
  9.1500e-13          155.45769662    269936923.17828488        8205.30437128       -51529.00045458       -43323.69608330 
  9.2000e-13          155.32430095    188491582.26546273        8198.26353558       -51514.89130265       -43316.62776706 
  9.2500e-13          155.18956160    331460155.99800652        8191.15177865       -51500.64429150       -43309.49251285 
  9.3000e-13          155.05474594    212465349.62239543        8184.03599368       -51486.39524068       -43302.35924700 
  9.3500e-13          154.92007539    331900785.58274990        8176.92786804       -51472.16894092       -43295.24107288 
  9.4000e-13          154.78658354     62961422.43631422        8169.88195589       -51458.07512578       -43288.19316988 
  9.4500e-13          154.65833138    129784014.20478505        8163.11260295       -51444.53950630       -43281.42690336 
  9.5000e-13          154.53328880    326900782.54231876        8156.51265699       -51431.34453246       -43274.83187547 
  9.5500e-13          154.41120564    252692794.32051298        8150.06891363       -51418.46087231       -43268.39195868 
  9.6000e-13          154.29179636    146653865.96504837        8143.76630237       -51405.85638823       -43262.09008586 
  9.6500e-13          154.17367557    248032461.43222079        8137.53169899       -51393.38439685       -43255.85269786 
  9.7000e-13          154.06007699    204875712.08750525        8131.53578555       -51381.38649513       -43249.85070958 
  9.7500e-13          153.94094235    230300336.15864435        8125.24766985       -51368.80136597       -43243.55369612 
  9.8000e-13          153.82330971    250083463.13041607        8119.03883194       -51356.37467409       -43237.33584215 
  9.8500e-13          153.71050681    155237625.91117775        8113.08491535       -51344.45882527       -43231.37390992 
  9.9000e-13          153.60422878    106129869.10443968        8107.47539228       -51333.23422145       -43225.75882917 
  9.9500e-13          153.50041951    141790447.35281944        8101.99617363       -51322.27242767       -43220.27625404 
  1.0000e-12          153.39884091    157203191.80025637        8096.63469410       -51311.54755275       -43214.91285865 
